
global l1 l2 l3 m1 m2 m3  Ixx1 Ixx2 Ixx3 Iyy1 Iyy2 Iyy3 Izz1 Izz2 Izz3 g q1i q1f q2i q2f q3i q3f tf
l1=47; l2=196; l3=142; m1=210; m2=187; m3=137; Ixx1=193844; Ixx2=74812; Ixx3=13842;
Iyy1=211828; Iyy2=517411; Iyy3=265521; Izz1=369581; Izz2=558584; Izz3=274944;
q1i=0; q1f=360; q2i=0; q2f=180; q3i=0; q3f=180; tf=10;g=9.81;